9 87 9 87 0
9 87 99 74 3520
9 87 7 59 1753
9 87 62 46 2643
9 87 117 34 4556
9 87 25 18 6361
9 87 115 6 5120
99 74 9 87 3520
99 74 99 74 0
99 74 7 59 3340
99 74 62 46 3443
99 74 117 34 5356
99 74 25 18 7161
99 74 115 6 5920
7 59 9 87 1753
7 59 99 74 3340
7 59 7 59 0
7 59 62 46 1926
7 59 117 34 3840
7 59 25 18 5644
7 59 115 6 4403
62 46 9 87 2643
62 46 99 74 3443
62 46 7 59 1926
62 46 62 46 0
62 46 117 34 1913
62 46 25 18 3718
62 46 115 6 2476
117 34 9 87 4556
117 34 99 74 5356
117 34 7 59 3840
117 34 62 46 1913
117 34 117 34 0
117 34 25 18 3200
117 34 115 6 972
25 18 9 87 6361
25 18 99 74 7161
25 18 7 59 5644
25 18 62 46 3718
25 18 117 34 3200
25 18 25 18 0
25 18 115 6 3059
115 6 9 87 5120
115 6 99 74 5920
115 6 7 59 4403
115 6 62 46 2476
115 6 117 34 972
115 6 25 18 3059
115 6 115 6 0
